{
 "cells": [
  {
   "cell_type": "code",
   "execution_count": null,
   "metadata": {
    "collapsed": true
   },
   "outputs": [],
   "source": [
    "import numpy as np\n",
    "import matplotlib.pyplot as plt\n",
    "import pandas as pd"
   ]
  },
  {
   "cell_type": "code",
   "execution_count": null,
   "metadata": {},
   "outputs": [],
   "source": [
    "np.sqrt(8)"
   ]
  },
  {
   "cell_type": "code",
   "execution_count": null,
   "metadata": {
    "collapsed": true
   },
   "outputs": [],
   "source": [
    "from numpy import sqrt, power"
   ]
  },
  {
   "cell_type": "code",
   "execution_count": null,
   "metadata": {},
   "outputs": [],
   "source": [
    "import matplotlib as mpl"
   ]
  },
  {
   "cell_type": "code",
   "execution_count": null,
   "metadata": {
    "collapsed": true
   },
   "outputs": [],
   "source": [
    "mpl.pyplot"
   ]
  },
  {
   "cell_type": "code",
   "execution_count": null,
   "metadata": {
    "collapsed": true
   },
   "outputs": [],
   "source": []
  },
  {
   "cell_type": "code",
   "execution_count": null,
   "metadata": {},
   "outputs": [],
   "source": [
    "linalg.inv"
   ]
  },
  {
   "cell_type": "code",
   "execution_count": null,
   "metadata": {},
   "outputs": [],
   "source": [
    "import numpy as boomalicious"
   ]
  },
  {
   "cell_type": "code",
   "execution_count": null,
   "metadata": {
    "collapsed": true
   },
   "outputs": [],
   "source": [
    "import numpy"
   ]
  },
  {
   "cell_type": "code",
   "execution_count": null,
   "metadata": {},
   "outputs": [],
   "source": [
    "whos"
   ]
  },
  {
   "cell_type": "code",
   "execution_count": null,
   "metadata": {},
   "outputs": [],
   "source": [
    "boomalicious.sqrt(9)"
   ]
  },
  {
   "cell_type": "code",
   "execution_count": null,
   "metadata": {},
   "outputs": [],
   "source": [
    "reset"
   ]
  },
  {
   "cell_type": "code",
   "execution_count": 1,
   "metadata": {},
   "outputs": [
    {
     "name": "stdout",
     "output_type": "stream",
     "text": [
      "Interactive namespace is empty.\n"
     ]
    }
   ],
   "source": [
    "whos"
   ]
  },
  {
   "cell_type": "code",
   "execution_count": 2,
   "metadata": {},
   "outputs": [
    {
     "name": "stdout",
     "output_type": "stream",
     "text": [
      "The Zen of Python, by Tim Peters\n",
      "\n",
      "Beautiful is better than ugly.\n",
      "Explicit is better than implicit.\n",
      "Simple is better than complex.\n",
      "Complex is better than complicated.\n",
      "Flat is better than nested.\n",
      "Sparse is better than dense.\n",
      "Readability counts.\n",
      "Special cases aren't special enough to break the rules.\n",
      "Although practicality beats purity.\n",
      "Errors should never pass silently.\n",
      "Unless explicitly silenced.\n",
      "In the face of ambiguity, refuse the temptation to guess.\n",
      "There should be one-- and preferably only one --obvious way to do it.\n",
      "Although that way may not be obvious at first unless you're Dutch.\n",
      "Now is better than never.\n",
      "Although never is often better than *right* now.\n",
      "If the implementation is hard to explain, it's a bad idea.\n",
      "If the implementation is easy to explain, it may be a good idea.\n",
      "Namespaces are one honking great idea -- let's do more of those!\n"
     ]
    }
   ],
   "source": [
    "import this"
   ]
  },
  {
   "cell_type": "code",
   "execution_count": 5,
   "metadata": {},
   "outputs": [],
   "source": [
    "import numpy as np\n",
    "import matplotlib.pyplot as plt # this is fine\n",
    "# this thing just below here is called a magic function\n",
    "% matplotlib inline "
   ]
  },
  {
   "cell_type": "code",
   "execution_count": 12,
   "metadata": {},
   "outputs": [
    {
     "data": {
      "text/plain": [
       "[1, 2, 3]"
      ]
     },
     "execution_count": 12,
     "metadata": {},
     "output_type": "execute_result"
    }
   ],
   "source": [
    "a = [1,2,3]\n",
    "a"
   ]
  },
  {
   "cell_type": "code",
   "execution_count": 13,
   "metadata": {},
   "outputs": [
    {
     "data": {
      "text/plain": [
       "[1, 2, 3, 1, 2, 3, 1, 2, 3]"
      ]
     },
     "execution_count": 13,
     "metadata": {},
     "output_type": "execute_result"
    }
   ],
   "source": [
    "a * 3"
   ]
  },
  {
   "cell_type": "code",
   "execution_count": 14,
   "metadata": {},
   "outputs": [
    {
     "ename": "TypeError",
     "evalue": "can only concatenate list (not \"int\") to list",
     "output_type": "error",
     "traceback": [
      "\u001b[0;31m---------------------------------------------------------------------------\u001b[0m",
      "\u001b[0;31mTypeError\u001b[0m                                 Traceback (most recent call last)",
      "\u001b[0;32m<ipython-input-14-d86cfef2ffa6>\u001b[0m in \u001b[0;36m<module>\u001b[0;34m()\u001b[0m\n\u001b[0;32m----> 1\u001b[0;31m \u001b[0ma\u001b[0m\u001b[0;34m+\u001b[0m\u001b[0;36m2\u001b[0m\u001b[0;34m\u001b[0m\u001b[0m\n\u001b[0m",
      "\u001b[0;31mTypeError\u001b[0m: can only concatenate list (not \"int\") to list"
     ]
    }
   ],
   "source": [
    "a+2"
   ]
  },
  {
   "cell_type": "code",
   "execution_count": 15,
   "metadata": {},
   "outputs": [
    {
     "data": {
      "text/plain": [
       "[1, 2, 3, 1, 2, 3]"
      ]
     },
     "execution_count": 15,
     "metadata": {},
     "output_type": "execute_result"
    }
   ],
   "source": [
    "a+a"
   ]
  },
  {
   "cell_type": "code",
   "execution_count": 16,
   "metadata": {
    "collapsed": true
   },
   "outputs": [],
   "source": [
    "a = np.array(a)"
   ]
  },
  {
   "cell_type": "code",
   "execution_count": 17,
   "metadata": {},
   "outputs": [
    {
     "data": {
      "text/plain": [
       "array([1, 2, 3])"
      ]
     },
     "execution_count": 17,
     "metadata": {},
     "output_type": "execute_result"
    }
   ],
   "source": [
    "a"
   ]
  },
  {
   "cell_type": "code",
   "execution_count": 18,
   "metadata": {},
   "outputs": [
    {
     "data": {
      "text/plain": [
       "array([3, 6, 9])"
      ]
     },
     "execution_count": 18,
     "metadata": {},
     "output_type": "execute_result"
    }
   ],
   "source": [
    "a*3"
   ]
  },
  {
   "cell_type": "code",
   "execution_count": 19,
   "metadata": {},
   "outputs": [
    {
     "data": {
      "text/plain": [
       "array([1, 4, 9])"
      ]
     },
     "execution_count": 19,
     "metadata": {},
     "output_type": "execute_result"
    }
   ],
   "source": [
    "a*a"
   ]
  },
  {
   "cell_type": "code",
   "execution_count": 20,
   "metadata": {},
   "outputs": [
    {
     "data": {
      "text/plain": [
       "array([2, 4, 6])"
      ]
     },
     "execution_count": 20,
     "metadata": {},
     "output_type": "execute_result"
    }
   ],
   "source": [
    "a+a"
   ]
  },
  {
   "cell_type": "code",
   "execution_count": 21,
   "metadata": {},
   "outputs": [
    {
     "data": {
      "text/plain": [
       "(3,)"
      ]
     },
     "execution_count": 21,
     "metadata": {},
     "output_type": "execute_result"
    }
   ],
   "source": [
    "a.shape"
   ]
  },
  {
   "cell_type": "code",
   "execution_count": 22,
   "metadata": {},
   "outputs": [
    {
     "data": {
      "text/plain": [
       "array([1, 2, 3])"
      ]
     },
     "execution_count": 22,
     "metadata": {},
     "output_type": "execute_result"
    }
   ],
   "source": [
    "a.T"
   ]
  },
  {
   "cell_type": "code",
   "execution_count": 29,
   "metadata": {},
   "outputs": [
    {
     "data": {
      "text/plain": [
       "array([[[1, 2, 3],\n",
       "        [1, 2, 3]],\n",
       "\n",
       "       [[1, 2, 3],\n",
       "        [1, 2, 3]]])"
      ]
     },
     "execution_count": 29,
     "metadata": {},
     "output_type": "execute_result"
    }
   ],
   "source": [
    "a = np.array([a,a])\n",
    "a"
   ]
  },
  {
   "cell_type": "code",
   "execution_count": 36,
   "metadata": {},
   "outputs": [],
   "source": [
    "a = np.random.random((2,3,3))"
   ]
  },
  {
   "cell_type": "code",
   "execution_count": 37,
   "metadata": {},
   "outputs": [
    {
     "data": {
      "text/plain": [
       "array([[[ 0.90942018,  0.18474498,  0.98251036],\n",
       "        [ 0.43729775,  0.36558418,  0.35734108],\n",
       "        [ 0.69098581,  0.64876856,  0.55800464]],\n",
       "\n",
       "       [[ 0.03429833,  0.93979297,  0.19535729],\n",
       "        [ 0.74911766,  0.4084234 ,  0.09102953],\n",
       "        [ 0.99091437,  0.21577585,  0.88768595]]])"
      ]
     },
     "execution_count": 37,
     "metadata": {},
     "output_type": "execute_result"
    }
   ],
   "source": [
    "a"
   ]
  },
  {
   "cell_type": "code",
   "execution_count": 38,
   "metadata": {},
   "outputs": [
    {
     "data": {
      "text/plain": [
       "0.40842339616843437"
      ]
     },
     "execution_count": 38,
     "metadata": {},
     "output_type": "execute_result"
    }
   ],
   "source": [
    "a[1,1,1]"
   ]
  },
  {
   "cell_type": "code",
   "execution_count": 45,
   "metadata": {},
   "outputs": [
    {
     "data": {
      "text/plain": [
       "(1, 3, 3)"
      ]
     },
     "execution_count": 45,
     "metadata": {},
     "output_type": "execute_result"
    }
   ],
   "source": [
    "a[1::].shape"
   ]
  },
  {
   "cell_type": "code",
   "execution_count": 41,
   "metadata": {},
   "outputs": [
    {
     "data": {
      "text/plain": [
       "array([[ 0.03429833,  0.93979297,  0.19535729],\n",
       "       [ 0.74911766,  0.4084234 ,  0.09102953],\n",
       "       [ 0.99091437,  0.21577585,  0.88768595]])"
      ]
     },
     "execution_count": 41,
     "metadata": {},
     "output_type": "execute_result"
    }
   ],
   "source": [
    "np.squeeze(a[1::])"
   ]
  },
  {
   "cell_type": "code",
   "execution_count": 43,
   "metadata": {},
   "outputs": [
    {
     "data": {
      "text/plain": [
       "(3, 3)"
      ]
     },
     "execution_count": 43,
     "metadata": {},
     "output_type": "execute_result"
    }
   ],
   "source": [
    "np.squeeze(a[1::]).shape"
   ]
  },
  {
   "cell_type": "code",
   "execution_count": 55,
   "metadata": {},
   "outputs": [],
   "source": [
    "b = np.random.random((8,8))"
   ]
  },
  {
   "cell_type": "code",
   "execution_count": 56,
   "metadata": {},
   "outputs": [
    {
     "data": {
      "text/plain": [
       "array([[ 0.56531787,  0.51604718,  0.94608602,  0.47815138,  0.34958479,\n",
       "         0.6684728 ,  0.00919159,  0.08545469],\n",
       "       [ 0.12456155,  0.34492765,  0.34327902,  0.2151029 ,  0.03019367,\n",
       "         0.13650444,  0.5747034 ,  0.33197673],\n",
       "       [ 0.45600425,  0.68206938,  0.46306357,  0.10051084,  0.91936289,\n",
       "         0.17902949,  0.75850391,  0.85190586],\n",
       "       [ 0.27442075,  0.30513917,  0.59047132,  0.81823428,  0.44549762,\n",
       "         0.64991323,  0.79953728,  0.03341124],\n",
       "       [ 0.22537319,  0.72271114,  0.73693655,  0.02740313,  0.93811736,\n",
       "         0.40738456,  0.14965133,  0.62362231],\n",
       "       [ 0.47232743,  0.6321982 ,  0.30921711,  0.13316255,  0.34085416,\n",
       "         0.91345834,  0.11747079,  0.78718118],\n",
       "       [ 0.90324834,  0.87068943,  0.89486961,  0.36559583,  0.14484177,\n",
       "         0.6606333 ,  0.47238169,  0.46227895],\n",
       "       [ 0.85022347,  0.44006199,  0.88380589,  0.21920173,  0.68279985,\n",
       "         0.80523697,  0.51946411,  0.74597023]])"
      ]
     },
     "execution_count": 56,
     "metadata": {},
     "output_type": "execute_result"
    }
   ],
   "source": [
    "b"
   ]
  },
  {
   "cell_type": "code",
   "execution_count": 57,
   "metadata": {},
   "outputs": [
    {
     "data": {
      "text/plain": [
       "array([[ 0.93811736,  0.40738456],\n",
       "       [ 0.34085416,  0.91345834]])"
      ]
     },
     "execution_count": 57,
     "metadata": {},
     "output_type": "execute_result"
    }
   ],
   "source": [
    "b[4:-2,4:-2]"
   ]
  },
  {
   "cell_type": "code",
   "execution_count": 60,
   "metadata": {},
   "outputs": [
    {
     "data": {
      "text/plain": [
       "<matplotlib.colorbar.Colorbar at 0x1119ce5c0>"
      ]
     },
     "execution_count": 60,
     "metadata": {},
     "output_type": "execute_result"
    },
    {
     "data": {
      "image/png": "iVBORw0KGgoAAAANSUhEUgAAAScAAAD8CAYAAAA11GIZAAAABHNCSVQICAgIfAhkiAAAAAlwSFlz\nAAALEgAACxIB0t1+/AAAEvpJREFUeJzt3X+QXlV9x/H3h00CEn4EDRRIokAnMlCqxkljHWb8gWiD\n2uAf1iFWqo5j2lqojLYOth3s0NqZauuPmTJMdxC1BaGAPyajEXQqDNoKJvwQTUI0jVqWH0IABVFI\nsvvpH8+TdN3s5rlLnnuf8+z9vGbusM/uzfl+dwJfzjn33HNkm4iI0hwy6AQiIqaT4hQRRUpxiogi\npThFRJFSnCKiSClOEVGkFKeIKFKKU0QUKcUpIoo0r45GR45c6HnHLqqj6f2Nq5k4wG8v2tlYLIDv\nPX5sY7FGnmksFPMW7Wou2A92NxcL0Pz5jcT51fgT7Br/1UH9y/97r17oRx8br3TvHfc8c5Pt1QcT\nb7ZqKU7zjl3Ekg//WR1N72f8yWb+ZQD4zprRxmIB/OZ//EljsY78UXOd6OPf9JPGYvms+xuLBTDv\n+CWNxPnvh6456DYefWyc79z0/Er3jpzww8UHHXCWailOEVE+AxNMDDqNGaU4RbSUMbtdbVg3CClO\nES2WnlNEFMeY8YK3TEpximixCVKcIqIwBsZTnCKiROk5RURxDOwueM6p0so7SaslbZO0XdLFdScV\nEfUzZrziNQg9e06SRoDLgNcCY8BGSettb6k7uYiokWG83I5TpZ7TKmC77R22dwHXAufWm1ZE1K2z\nQrzaNQhV5pyWAPdN+jwGvKyedCKiOWKc5l6cn60qxWm67PfrDEpaB6wDGFl89EGmFRF160yID3dx\nGgOWTfq8FHhg6k22R4FRgENPWVLwSDYiYO86p+EuThuB5ZJOBu4HzgPeWmtWEdGIiWHuOdneI+kC\n4CZgBLjS9ubaM4uIWs2FnhO2NwAbas4lIhpkxHjBO3VnhXhEiw31sC4i5iYjdnlk0GnMKMUpoqU6\nizAzrIuIAg39hHhEzD22GHd6ThFRoIn0nCKiNJ0J8XJLQLmZRUStWjkhftiDE7zww0/V0fR+Hjyr\nuYNIV3z/PY3FAnj+9uaO0j705rsai6VbTm4s1o5rXtxYLIAjbj28kTi7r1/Ql3bGs84pIkqTFeIR\nUayJPK2LiNJ0XvwttziVm1lE1MqI3R6pdPXS6xAUSc+XdLOkuyTdI+n1vdpMzymipWz6sgiz4iEo\nfwNcZ/tySafT2eXkpAO1m55TRGuJiYpXD1UOQTFwVPfro5lmN92p0nOKaCkzq57TYkmbJn0e7W7N\nDdUOQflb4GuSLgQWAmf3CpjiFNFis5gQ32l75Qw/q3IIylrgM7b/WdLLgX+XdIbtGU+eSnGKaCmj\nfm02V+UQlHcBqwFsf1vSYcBi4OGZGu1ZNiVdKelhSd+fdcoRUazO0VDzKl097DsERdICOoegrJ9y\nz/8CrwGQdBpwGPDIgRqt0qf7DN2KFxFzSedQzSrXgdjeA+w9BGUrnadymyVdKmlN97b3A++W9F3g\nGuAdtg94hFyV01dulXRSz98zIoaK6d8K8ekOQbF9yaSvtwBnzqbNzDlFtFgrdsKcfBz5YfOP6nF3\nRAyarXa8Wzf5OPKjn3NCjiOPKFxnQjynr0REccreQ7zKUoJrgG8Dp0oak/Su+tOKiLp1JsRV6RqE\nKk/r1jaRSEQ0r+QtUzKsi2ipPq4Qr0WKU0SLte6Ag4gonw27J1KcIqIwnWFdilNEFKgVK8QjYrjs\nXUpQqhSniNbKsC4iClVhf/CBqaU4Pf28efzw7c+ro+n9nPa7OxqJA7DlO80dow1w4ldm3CSw767a\nfnNjsd6y9rTmYp12R2OxAM5etbmROH966wH3aauk87Qu79ZFRGGyCDMiitW6YV1ElC9P6yKiWHla\nFxHFscWeFKeIKFGGdRFRnMw5RUSxUpwiojhZ5xQRxRrqdU6SlgH/BhwPTACjtj9Zd2IRUS8b9gz5\nZnN7gPfbvlPSkcAdkr7ePV44IobYUA/rbD8IPNj9+klJW4ElQIpTxBCbU3NOkk4CVgC3T/OzfceR\nz1t0TB9Si4i6ueDiVHnAKekI4PPARbafmPpz26O2V9peecjChf3MMSJqMoEqXYNQqeckaT6dwnS1\n7S/Um1JENMEe8jknSQI+BWy1/bH6U4qIZojxgp/WVcnsTOB84CxJd3ev19ecV0Q0wFalaxCqPK37\nFhS8UisinpW8WxcRZXJn3qlUKU4RLTbUr69ExNzkOTAhHhFzlF3t6kXSaknbJG2XdPEM97xF0hZJ\nmyV9rleb6TlFtFg/nsRJGgEuA14LjAEbJa2f/P6tpOXAB4EzbT8u6bhe7abnFNFSnV5RX5YSrAK2\n295hexdwLXDulHveDVxm+/FObPc8MTbFKaLFJqxKVw9LgPsmfR7rfm+yFwIvlPRfkm6TtLpXoxnW\nRbTYLJYSLJa0adLnUduj3a+nq15TW54HLAdeBSwFvinpDNs/mylgLcVp3q9g8d3NLKB48N6TG4kD\nMP/1v2gsFsD5N97aWKyXXfX+xmKdeMmDjcVauuCxxmIB/ONvrWokzkNP7zzoNoyYqP60bqftlTP8\nbAxYNunzUuCBae65zfZu4EeSttEpVhtnCphhXUSLueLVw0ZguaSTJS0AzgPWT7nnS8CrASQtpjPM\n23GgRjOsi2gr9+dpne09ki4AbgJGgCttb5Z0KbDJ9vruz14naQswDvyl7UcP1G6KU0Sb9Wn2xfYG\nYMOU710y6WsD7+telaQ4RbRYyTthpjhFtJSBiYkUp4gojYH0nCKiRNkyJSLKlOIUEeUZ3Ba8VVQ5\n4OAw4Fbg0O79N9j+UN2JRUQDhrzn9Axwlu1fdI+I+pakr9q+rebcIqJOBg/z07ru4qm9L5XN714F\n19uIqK7c4lTp3TpJI5LuBh4Gvm572uPIJW2StGnP00/1O8+IqEOfXq6rQ6XiZHvc9kvovG28StIZ\n09yz7zjyeYflOPKIoTDsxWmv7t4rtwA9N4qKiMLtXYRZ5RqAnsVJ0rGSFnW/fg5wNnBv3YlFRP36\ndcBBHao8rTsB+Gx3E/NDgOtsf7netCKiEUP+tO4eYEUDuUREw1Twc/esEI9oqwFOdleR4hTRWoOb\n7K4ixSmizdJziogiTQw6gZmlOEW0VTabi4hS5WldRJSp4OKUQzUjoki19JwOGTeHPjFeR9P7OeOi\nLY3EAXjOyK7GYgF85ozljcXa/ON/aSzWiy+/sLFYX/rqqxqLBfDI9bsbibP7ogV9aSfDuogojxnu\n11ciYg5LzykiSpRhXUSUKcUpIoqU4hQRpZEzrIuIUuVpXUSUKD2niChTwcWp8usr3bPr7pKU/cMj\n5gL//7xTr2sQZvNu3XuBrXUlEhEDMOzn1klaCrwBuKLedCKiSZqodg1C1Z7TJ4APUPS+eRExl1Q5\nVPONwMO27+hx3zpJmyRt2r3rqb4lGBE16tOwTtJqSdskbZd08QHue7MkS1rZq80qPaczgTWSfgxc\nC5wl6aqpN9ketb3S9sr5CxZWaDYiBqpPE+LdA3cvA84BTgfWSjp9mvuOBP4cuL1Kej2Lk+0P2l5q\n+yTgPOAbtt9WpfGIKFx/ek6rgO22d9jeRacTc+409/0d8BHg6SqpZSfMiDbrT3FaAtw36fNY93v7\nSFoBLLNdeSnSrBZh2r4FuGU2fyYiyiRm9SRusaRNkz6P2h6d1NRU+0qapEOAjwPvmE1+WSEe0Vaz\nW2C50/ZMk9hjwLJJn5cCD0z6fCRwBnCLJIDjgfWS1tieXPB+TYpTRJv1Z4HlRmC5pJOB++nMTb91\nXwj758DivZ8l3QL8xYEKE2TOKaLd+jDnZHsPcAFwE523SK6zvVnSpZLWPNvU0nOKaLF+vTdnewOw\nYcr3Lpnh3ldVaTPFKaLNCt6VIMUpoq08uPfmqkhximiz9JwiokSt2wlz15Fi7KyROprez9OPntBI\nHIDxG45tLBbA4lMfbyzWqn/o+R5m39x68Ucbi/VH17+9sVgA559ywKfjffPxQ/v0cn3bilNEDIEB\nbiRXRYpTREuJFg7rImI4pDhFRJlSnCKiSClOEVGcHEceEcVKcYqIEuX1lYgo0tAP67onrzwJjAN7\nDrAjXkQMizm0CPPVtnfWlklENG+OFKeImENKXyFedZteA1+TdIekdXUmFBHN0YQrXYNQted0pu0H\nJB0HfF3SvbZvnXxDt2itAxg55pg+pxkRfVf4nFOlnpPtB7r/fBj4Ip0TPqfes+848pGFOY48Yhj0\n4zjyuvQsTpIWds84R9JC4HXA9+tOLCIa0J8Tf2tRZVj3G8AXu4fhzQM+Z/vGWrOKiEaUPCHeszjZ\n3gG8uIFcIqJpw1ycImKOyukrEVGi0tc5pThFtJnLrU4pThEtlp5TRJSn8EWYKU4RLZYJ8YgoUopT\nRJTHtG9C/NRjHuLLf/BPdTS9n5+OL2gkDsBzP7SrsVgA537yA43FOvHmnzcWa+0Pzmss1o/WLW4s\nFsAPv3JOI3Ee/vm9fWknE+IRUaYUp4goTRZhRkSZPLiN5KpIcYpos3JrU4pTRJtlWBcR5TFQ8LCu\n6gEHETEX9WknTEmrJW2TtF3SxdP8/H2Stki6R9J/SnpBrzZTnCJarB97iEsaAS4DzgFOB9ZKOn3K\nbXcBK22/CLgB+Eiv3FKcIlqsT0dDrQK2295hexdwLXDu5Bts32z7l92PtwFLezVaqThJWiTpBkn3\nStoq6eVV/lxEFKzqkK73sG4JcN+kz2Pd783kXcBXezVadUL8k8CNtt8saQFweMU/FxGF6izCrDwh\nvljSpkmfR22PTmpqqmkblvQ2YCXwyl4BexYnSUcBrwDeAdDttjX7kllE1KP6rgQ7ba+c4WdjwLJJ\nn5cCD0y9SdLZwF8Dr7T9TK+AVYZ1pwCPAJ+WdJekK7rn10XEkJNd6ephI7Bc0sndkdV5wPpfiyOt\nAP4VWNM9nLenKsVpHvBS4HLbK4CngOkeFa6TtEnSpsceK3iTmIjo6NOck+09wAXATcBW4DrbmyVd\nKmlN97aPAkcA10u6W9L6GZrbp8qc0xgwZvv27ucbmKY4dcefowAvetH8cld2RURX/96ts70B2DDl\ne5dM+vrs2bbZs+dk+yHgPkmndr/1GmDLbANFRIHsatcAVH1adyFwdXc8uQN4Z30pRUQj5sKhmrbv\npvP4LyLmkrZt0xsRQ6Lc2pTiFNFmmih3XJfiFNFWZjaLMBuX4hTRUqLSAsuBSXGKaLMUp4goUopT\nRBQnc04RUao8rYuIAg3u1ZQqailOT3uEbbuPrqPp/bzn2nWNxAH4wh9+rLFYAM/duruxWId9Ymdj\nsX7/uO82Fuvvtx/fWCyAN//Opt439cHVVz518I2Y9hWniBgS5Y7qUpwi2izrnCKiTClOEVEcG8bL\nHdelOEW0WXpOEVGkFKeIKI6BPu0hXocUp4jWMjhzThFRGlP0hHjP01ckndo9Z2rv9YSki5pILiJq\nNsynr9jeBrwEQNIIcD/wxZrziogmzKEJ8dcA/2P7J3UkExFNmlsv/p4HXDPdDyStA9YBHHdiprIi\nimeg4C1Tes457dU9UHMNcP10P7c9anul7ZVHP3ekX/lFRJ2Gec5pknOAO23/tK5kIqJJc+f1lbXM\nMKSLiCFk8LCvc5J0OPBa4I/rTSciGjXsK8Rt/xJ4Xs25RETT5tDTuoiYK+yin9alOEW0WXpOEVEe\n4/HxQScxoxSniLbKlikRUaxhX0oQEXOPAafnFBHFcTabi4hClTwhLtfwKFHSI8Bst1VZDDR3Jnaz\n5urvlt9rcF5g+9iDaUDSjXR+1yp22l59MPFmq5bi9GxI2mR75aDzqMNc/d3ye0WdKm+ZEhHRpBSn\niChSScVpdNAJ1Giu/m75vaI2xcw5RURMVlLPKSJinyKKk6TVkrZJ2i7p4kHn0w+Slkm6WdJWSZsl\nvXfQOfWTpBFJd0n68qBz6SdJiyTdIOne7t/dywedU1sNfFjXPQvvB3R22hwDNgJrbW8ZaGIHSdIJ\nwAm275R0JHAH8KZh/732kvQ+YCVwlO03DjqffpH0WeCbtq/oHupxuO2fDTqvNiqh57QK2G57h+1d\nwLXAuQPO6aDZftD2nd2vnwS2AksGm1V/SFoKvAG4YtC59JOko4BXAJ8CsL0rhWlwSihOS4D7Jn0e\nY478R7yXpJOAFcDtg82kbz4BfAAo98WsZ+cU4BHg090h6xWSFg46qbYqoThpmu/NmUeIko4APg9c\nZPuJQedzsCS9EXjY9h2DzqUG84CXApfbXgE8BcyJOdBhVEJxGgOWTfq8FHhgQLn0laT5dArT1ba/\nMOh8+uRMYI2kH9MZgp8l6arBptQ3Y8CY7b093BvoFKsYgBKK00ZguaSTuxOQ5wHrB5zTQZMkOnMX\nW21/bND59IvtD9peavskOn9X37D9tgGn1Re2HwLuk3Rq91uvAebEA4xhNPAtU2zvkXQBcBMwAlxp\ne/OA0+qHM4Hzge9Jurv7vb+yvWGAOUVvFwJXd/9HuQN454Dzaa2BLyWIiJhOCcO6iIj9pDhFRJFS\nnCKiSClOEVGkFKeIKFKKU0QUKcUpIoqU4hQRRfo/p5nbpjNsWxsAAAAASUVORK5CYII=\n",
      "text/plain": [
       "<matplotlib.figure.Figure at 0x111d65198>"
      ]
     },
     "metadata": {},
     "output_type": "display_data"
    }
   ],
   "source": [
    "plt.imshow(b, interpolation='nearest')\n",
    "plt.colorbar()"
   ]
  },
  {
   "cell_type": "code",
   "execution_count": 61,
   "metadata": {},
   "outputs": [
    {
     "data": {
      "text/plain": [
       "<matplotlib.colorbar.Colorbar at 0x11199fe48>"
      ]
     },
     "execution_count": 61,
     "metadata": {},
     "output_type": "execute_result"
    },
    {
     "data": {
      "image/png": "iVBORw0KGgoAAAANSUhEUgAAAT8AAAD8CAYAAAABraMFAAAABHNCSVQICAgIfAhkiAAAAAlwSFlz\nAAALEgAACxIB0t1+/AAAGOlJREFUeJzt3XusZWWd5vHvY3GpeGsLjlyGi0C62gFbAa2AhomNyqUk\nk8IZsLvombGqA12hp9FEx85A7KDBmEFnEiYdsbVsqwF7mkszo5Y95dBcJHQGCimnuUgxQFF2pCxG\noApxDE5BnfPMH2vtynbX3mevU3uts9c5+/mYN2fvdXn3u6zwy3tZ7/vKNhERk+Z14y5ARMQ4JPhF\nxERK8IuIiZTgFxETKcEvIiZSgl9ETKSRgp+kwyTdKenp8u+yAddNS3q4TBu7jp8o6cHy/lslHTJK\neSIiqhq15nclcLft5cDd5fd+fmX7tDKt6jr+ReC68v6XgEtHLE9ERCUa5SVnSU8CZ9t+TtLRwL22\n397nul/afmPPMQEvAEfZ3ivpfcDnbJ9/wAWKiKjooBHvP9L2cwBlADxiwHVLJW0B9gLX2v42cDjw\nc9t7y2t2AMcM+iFJ64B1AG94vd7zT38zLeSF5Okn+/aIREv96rWXeXX6FY2Sx/kfeIN37Z6udO0P\nH91zh+2Vo/zeXA0NfpLuAo7qc+ozc/id423vlHQScI+kx4Bf9LluYDXU9npgPcCKU5f6B3ccN4ef\nj3G74OyLxl2EmIMH/vHGkfPYtXuaH9xxfKVrlxz99NTIPzhHQ4Of7XMGnZP0M0lHdzV7nx+Qx87y\n73ZJ9wKnA/8VeIukg8ra37HAzgN4hohoIQMzzIy7GAONOuCxEVhTfl4DfKf3AknLJB1afp4CzgK2\nuuhs/D5w8Wz3R8TCZMxrnq6UxmHU4HctcK6kp4Fzy+9IWiHpL8prTga2SHqEIthda3tree7fA5+S\ntI2iD/AbI5YnIlpkpuL/xmGkAQ/bu4AP9Tm+Bbis/Hw/8M4B928HzhilDBHRTsZMt3jJvFFHeyMi\nBpoZPIY5dgl+EdEIA9MJfhExiVLzi4iJY+C19PlFxKQxbnWzN0taRUQzDNMVUxWSVkp6UtI2Sfst\noiLpbZLulvSopHslHTtbfgl+EdGIYoZHtTSMpCXA9cCHgVOASySd0nPZfwJusv0u4BrgP8yWZ4Jf\nRDRETFdMFZwBbLO93farwC3AhT3XnEKxtB4UEyp6z/+aBL+IaEQx4KFKCZiStKUrrevJ7hjg2a7v\n/VaBegTorKDxL4A3STp8UPky4BERjSje86u8KtaLtlfMcr5fRr29hZ8GvixpLXAf8FOKZfT6SvCL\niMbMeKQlAbvtALrXsdtvFahy9ah/CSDpjcBFtl8elGGavRHRiE7Nr6Y+v4eA5eW+P4cAqylWldpH\n0pSkTky7CtgwW4YJfhHRCCOmeV2lNDSvYs3PK4A7gCeA22w/LukaSZ19gc4GnpT0FHAk8IXZ8kyz\nNyIaU2OzF9ubgE09x67u+nw7cHvV/BL8IqIRRrzqJeMuxkAJfhHRiOIl5/b2rCX4RURj5vCqy7xL\n8IuIRthi2u2t+Y1UMkmHSbpT0tPl3/02Z5V0mqQHJD1eTjj+va5zN0j6saSHy3TaKOWJiHaZQZXS\nOIwalq8E7ra9nGJO3X4rLQCvAB+z/Q5gJfCfJb2l6/yf2D6tTA+PWJ6IaIliwOOgSmkcRg1+FwKd\n3Y1vBD7Se4Htp2w/XX7eSbG371tH/N2IaLnOgEeVNA6j/uqRtp8DKP8eMdvFks4ADgGe6Tr8hbI5\nfF1nf9+IWBymrUppHIbWNyXdBRzV59Rn5vJDko4Gvgmssd1Zwusq4P9QBMT1FPv4XjPg/nXAOoDj\nj8k4TUTbdWZ4tNXQKGL7nEHnJP1M0tG2nyuD2/MDrnsz8N+BP7W9uSvv58qPeyT9JcWqDIPKsZ4i\nQLLi1KXtXRs7IvaZWayjvRQTi9eUn9cA3+m9oJyE/C2KFVb/pufc0eVfUfQX/mjE8kRESxQLG9Qz\nt7cJo7YfrwVuk3Qp8BPgowCSVgCX274M+F3g/cDh5TpbAGvLkd3/IumtFGt1PQxcPmJ5IqIljHht\nsU5vs70L+FCf41uAy8rPfwX81YD7PzjK70dEe9m0+iXnjBxEREPG9wJzFQl+EdEIk5pfREyoBf2q\nS0TEgTCqdTHTuiX4RUQjiq0r2xti2luyiFjgKm9ONBYJfhHRCNPuGR4JfhHRmNT8ImLi2ErNLyIm\nTzHgsUint0VEDNbuPTwS/CKiEcWAR/r8ImICZYZHREycts/waG9YjogFr84NjCStlPSkpG2S9tsp\nUtLxkr4v6R/KfYEumC2/1PwiohE2vDZTT/1K0hLgeuBcYAfwkKSNtrd2XfanwG22/1zSKcAm4IRB\neSb4RUQjimZvbY3LM4BttrcDSLqFYuvc7uBn4M3l598Ads6WYYJfRDSmxhkexwDPdn3fAZzZc83n\ngL+T9HHgDcDAzdcgfX4R0ZDOqy5VEjAlaUtXWteTXb8o2ruL4yXADbaPBS4AvilpYIyrJfhV6Ig8\nVNKt5fkHJZ3Qde6q8viTks6vozwR0QZFs7dKAl60vaIrre/JbAdwXNf3Y9m/WXspcBuA7QeApcDU\noNKNHPy6OiI/DJwCXFJ2NvYW6iXbvwlcB3yxvPcUYDXwDmAl8JUyv4hYBGbKfTyGpQoeApZLOrHc\nDnc1xda53X5CuaGapJMpgt8LgzKso+a3ryPS9qtApyOy24XAjeXn24EPlXv1XgjcYnuP7R8D28r8\nImKBK0Z7l1RKw/PyXuAK4A7gCYpR3cclXSNpVXnZvwP+UNIjwM0UW+T2No33qWPAo0pH5L5rbO+V\n9DJweHl8c8+9x/T7kbIPYB3A8cdknCai7ep+ydn2JorXV7qPXd31eStwVtX86qj5VemIHHRNlXuL\ng/b6Tn/AWw9PyzhiIaix2Vu7OqpQVToiO9fskHQQxTs4uyveGxELUNsXNqij5lelI3IjsKb8fDFw\nT9kW3wisLkeDTwSWAz+ooUwR0QJzGO2ddyPX/Mo+vE5H5BJgQ6cjEthieyPwDYp3brZR1PhWl/c+\nLuk2ire09wJ/bHt61DJFxPjZYu9iX8+vQkfk/wM+OuDeLwBfqKMcEdEubW72Ztg0IhrR9j6/BL+I\naEyCX0RMnLYvZprgFxGNGdc7fFUk+EVEI2zYW9Nipk1I8IuIxqTZGxETJ31+ETGxnOAXEZMoAx4R\nMXHs9PlFxEQS0xntjYhJlD6/iJg4mdsbEZPJRb9fWyX4RURjMtobERPHGfCIiEmVZm9ETKQ2j/bW\nUieVtFLSk5K2Sbqyz/lPSdoq6VFJd0t6W9e5aUkPl6l346OIWKDsIvhVSeMwcs1P0hLgeuBciq0o\nH5K0sdxAuOMfgBW2X5H0R8CXgN8rz/3K9mmjliMi2qfNr7rUUfM7A9hme7vtV4FbgAu7L7D9fduv\nlF83U+zPGxGLnF0tjUMdwe8Y4Nmu7zvKY4NcCnyv6/tSSVskbZb0kUE3SVpXXrflhV3Z3TKi7YyY\nmXldpTQOdQx49KvX9o3lkv41sAL4na7Dx9veKekk4B5Jj9l+Zr8M7fXAeoAVpy5t8RhSRHS0+T/U\nOkLuDuC4ru/HAjt7L5J0DvAZYJXtPZ3jtneWf7cD9wKn11CmiBi3mgc8KgysXtc1ePqUpJ/Pll8d\nNb+HgOWSTgR+CqwGfr+nUKcDXwNW2n6+6/gy4BXbeyRNAWdRDIZExGJQU9WvysCq7U92Xf9xhlSk\nRq752d4LXAHcATwB3Gb7cUnXSFpVXvYfgTcCf9PzSsvJwBZJjwDfB67tGSWOiAWsxprf0IHVHpcA\nN8+WYS0vOdveBGzqOXZ11+dzBtx3P/DOOsoQEe1iYGam8qsuU5K2dH1fX/bzd/QbWD2zX0ble8Qn\nAvfM9oOZ4RERzTBQ/T2/F22vmOV85YFViq63223P+lpIe2cdR8SCV+N7fpUGVkurGdLkhQS/iGiS\nK6bh9g2sSjqEIsDtNx1W0tuBZcADwzJM8IuIhlQb7Kgy4FFxYBWKgY5b7OH1yfT5RURzanzLedjA\navn9c1XzS/CLiGYYXH20d94l+EVEgxL8ImIStXhyb4JfRDQnwS8iJs7cXnKedwl+EdGYbGAUEZMp\no70RMYmUml9ETJzqU9fGIsEvIhqiDHhExIRKzS8iJtLMuAswWIJfRDSj5e/51bKkVYVdldZKeqFr\nZ6XLus6tkfR0mdbUUZ6IaAe5WhqHkWt+VXZVKt1q+4qeew8DPkuxl6+BH5b3vjRquSKiBVrc51dH\nzW+uuyp1Ox+40/buMuDdCaysoUwREbOqo8+v6q5KF0l6P/AU8Enbzw6495h+PyJpHbAOYCmv5/x/\ncloNRY/5csNPbhx3EWIOLrjgxVryafNLznXU/KrsqvRd4ATb7wLuAjr/JVTekcn2etsrbK84mEMP\nuLARMU9MMb2tShqDOoLf0F2VbO+yvaf8+nXgPVXvjYgFrL4NjGpXR/AbuquSpKO7vq6i2IAEis1I\nzpO0TNIy4LzyWEQsAot6tNf2XkmdXZWWABs6uyoBW2xvBD5R7rC0F9gNrC3v3S3p8xQBFOAa27tH\nLVNEtESL+/xqecl52K5Ktq8Crhpw7wZgQx3liIiWWezBLyKi1zibtFUk+EVEc7KYaURMotT8ImIy\nJfhFxMRpeZ9fLau6RET0VeNLzsNWjyqv+V1JWyU9LumvZ8svNb+IaIxqWsy0yupRkpZTvFJ3lu2X\nJB0xW56p+UXEQlBl9ag/BK7vLIln+/nZMkzwi4jmVG/2Tkna0pXW9eRUZQWo3wJ+S9L/lLRZ0qzL\n46XZGxHNmNuAx4u2V8xyvsoKUAcBy4GzKRZJ+XtJv2375/0yTM0vIppT34BHlRWgdgDfsf2a7R8D\nT1IEw74S/CKiOfUFv6GrRwHfBj4AIGmKohm8fVCGafZGRCNEfaO9FVeP6iyRtxWYBv7E9q5BeSb4\nRUQzan7JucLqUQY+VaahEvwiojktnuGR4BcRzUnwi4hJ1Oa5vQl+EdGcFge/Wl51GTbhWNJ1kh4u\n01OSft51brrrXO/QdUQsVC5Ge6ukcRi55ldlwrHtT3Zd/3Hg9K4sfmU7O5BHLEaLvOZXZcJxt0uA\nm2v43YhouTZvXVlH8Ksy4RgASW8DTgTu6Tq8tJzIvFnSRwb9iKR1nUnPr7Fn0GUR0SYt3rS8jgGP\nKhOOO1YDt9ue7jp2vO2dkk4C7pH0mO1n9svQXg+sB3izDmtxZToigLEGtirqqPlVmXDcsZqeJq/t\nneXf7cC9/Hp/YEQsUGLxN3urTDhG0tuBZcADXceWSTq0/DwFnAVs7b03IhamNge/kZu9FSccQzHQ\ncUs5/67jZOBrkmYoAvG13aPEEbHAtbjZW8tLzsMmHJffP9fnvvuBd9ZRhohoocUe/CIi9tPyrSsT\n/CKiOQl+ETGJxjV1rYoEv4hoTJq9ETF5Wv6Sc4JfRDQnwS8iJk1nhkdbJfhFRGM0097ol+AXEc1I\nn19ETKo0eyNiMiX4RcQkSs0vIiZTgl9ETBxneltETKC2v+dXy769ERF92dVSBRX2B18r6YWufcAv\nmy2/1PwiojF11fyq7A9eutX2FVXyTM0vIppRddvKagFyrvuDD1VL8JO0QdLzkn404Lwk/VlZXX1U\n0ru7zq2R9HSZ1tRRnohoB81US8BUZ1/uMq3ryarq/uAXlTHmdknH9Tm/T13N3huALwM3DTj/YWB5\nmc4E/hw4U9JhwGeBFRTx/4dlVfalmsoVEWM0h9HeF22vmC2rPsd664zfBW62vUfS5cCNwAcHZVhL\nzc/2fcDuWS65ELjJhc3AWyQdDZwP3Gl7dxnw7gRW1lGmiBgzU+eAx9D9wW3vsr2n/Pp14D2zZThf\nfX6DqqxVq7JIWtepEr/Gnn6XRETL1Lhv79D9wcsKVccq4InZMpyv0d5BVdYqVdnioL0eWA/wZh3W\n4reHImKfmv5Lrbg/+CckrQL2UrRE186W53wFv0FV1h3A2T3H752nMkVEg+p+yXnY/uC2rwKuqprf\nfDV7NwIfK0d93wu8bPs5iih+nqRlkpYB55XHImKhs9FMtTQOtdT8JN1MUYObkrSDYgT3YADbX6WI\n1hcA24BXgD8oz+2W9HmK9jzANbZnGziJiIWkxR1UtQQ/25cMOW/gjwec2wBsqKMcEdEubZ7bm+lt\nEdEMA9nDIyImUntjX4JfRDQnzd6ImEjZujIiJk+2royISVS85Nze6JfgFxHNyR4eETGJUvOLiMmT\nPr+ImEzjm7dbRYJfRDQnzd6ImDjZtDwiJlZqfhExkdob+xL8IqI5mmlvuzfBLyKaYfKSc0RMHuG8\n5BwRE6rFwa+WDYwkbZD0vKQfDTj/ryQ9Wqb7JZ3ade4fJT0m6WFJW+ooT0S0RH2blteurt3bbgBW\nznL+x8Dv2H4X8HnK/Xe7fMD2abZX1FSeiBi3Tp9flTQGdW1gdJ+kE2Y5f3/X180U+/NGxCLX5tHe\n+dq3t9ulwPe6vhv4O0k/lLRuDOWJiEZUbPKOqdk7rwMekj5AEfz+Wdfhs2zvlHQEcKek/237vj73\nrgPWASzl9fNS3ogYgVn8Ax5VSHoX8BfAhbZ3dY7b3ln+fR74FnBGv/ttr7e9wvaKgzl0PoocEaNq\ncZ/fvAQ/SccD/w34N7af6jr+Bklv6nwGzgP6jhhHxMIju1KqlJe0UtKTkrZJunKW6y6WZEmzDqDW\n0uyVdDNwNjAlaQfwWeBgANtfBa4GDge+IglgbzmyeyTwrfLYQcBf2/4fdZQpIlqgpmavpCXA9cC5\nwA7gIUkbbW/tue5NwCeAB4flWddo7yVDzl8GXNbn+Hbg1P3viIgFz4bp2tq0ZwDbypiBpFuAC4Gt\nPdd9HvgS8OlhGY5jtDciJkX10d4pSVu6Uu+bH8cAz3Z931Ee20fS6cBxtv+2StEyvS0imlO92fvi\nkEkO6pf7vpPS64DrgLVVfzDBLyKaYaC+PTx2AMd1fT8W2Nn1/U3AbwP3lmMIRwEbJa2y3XfabIJf\nRDTE4Nr6/B4Clks6EfgpsBr4/X2/ZL8MTHW+S7oX+PSgwAcJfhHRFFPbgIftvZKuAO4AlgAbbD8u\n6Rpgi+2Nc80zwS8imlPjDA/bm4BNPceuHnDt2cPyS/CLiOa0eHpbgl9ENGR8ixZUkeAXEc0w0OIl\nrRL8IqI5qflFxOSpdXpb7RL8IqIZBtf3nl/tEvwiojn1zfCoXYJfRDQnfX4RMXHsjPZGxIRKzS8i\nJo/x9PS4CzFQgl9ENKPeJa1ql+AXEc1p8asutSxjL2mDpOcl9d15TdLZkl6W9HCZru46V2lHpohY\nWAx4xpXSONRV87sB+DJw0yzX/L3tf959oOqOTBGxALnWxUxrV9fubfdJOuEAbq26I1NELEAZ8Ci8\nT9IjFOvuf9r24/TfkenMfjeXuzl1dnTac5dvX4ybm08BL467EE049rhF+2yL9bnePmoG/5eX7rjL\nt08NvxIYw/+H8xX8/hfwNtu/lHQB8G1gOUN2ZPq1g/Z6YD2ApC1DdnpakBbrc8HifbbF/Fyj5mF7\nZR1lacq87Ntr+xe2f1l+3gQcLGmK4TsyRUQ0Yl6Cn6SjVO4nJ+mM8nd30bUjk6RDKHZkmvNGJBER\nc1VLs1fSzcDZFLuu7wA+CxwMYPurwMXAH0naC/wKWG3bQN8dmSr85Po6yt1Ci/W5YPE+W55rgZJb\nPPcuIqIp89LsjYhomwS/iJhICyL4STpM0p2Sni7/Lhtw3XTXFLrWDpwMm9In6VBJt5bnHzzAF8jn\nXYXnWivpha5/o8vGUc65qjB9U5L+rHzuRyW9e77LeCBGmZa6KNhufQK+BFxZfr4S+OKA63457rJW\neJYlwDPAScAhwCPAKT3X/Fvgq+Xn1cCt4y53Tc+1FvjyuMt6AM/2fuDdwI8GnL8A+B7Fe6vvBR4c\nd5lreq6zgb8ddzmbSgui5kcx5e3G8vONwEfGWJZR7ZvSZ/tVoDOlr1v3894OfKjzqlCLVXmuBcn2\nfcDuWS65ELjJhc3AWyQdPT+lO3AVnmtRWyjB70jbzwGUf48YcN1SSVskbZbU1gDZb0rfMYOusb0X\neBk4fF5Kd+CqPBfARWXT8HZJx/U5vxBVffaF6H2SHpH0PUnvGHdh6tSa9fwk3QUc1efUZ+aQzfG2\nd0o6CbhH0mO2n6mnhLWpMqWv8rS/FqlS5u8CN9veI+lyitrtBxsvWfMW4r9XFYOmpS4KrQl+ts8Z\ndE7SzyQdbfu5sjnx/IA8dpZ/t0u6Fzidoh+qTapM6etcs0PSQcBv0P7mydDnsr2r6+vXgS/OQ7nm\nw6Kcpmn7F12fN0n6iqQp24tiIYeF0uzdCKwpP68BvtN7gaRlkg4tP08BZ9HOpbGqTOnrft6LgXtc\n9kC32NDn6ukHWwU8MY/la9JG4GPlqO97gZc73TQL2SzTUheF1tT8hrgWuE3SpcBPgI8CSFoBXG77\nMuBk4GuSZij+ka51CxdFtd13Sp+ka4AttjcC3wC+KWkbRY1v9fhKXE3F5/qEpFXAXornWju2As9B\nhembmyhGfLcBrwB/MJ6Szs0I01IXhUxvi4iJtFCavRERtUrwi4iJlOAXERMpwS8iJlKCX0RMpAS/\niJhICX4RMZH+P1KKlJPgSZijAAAAAElFTkSuQmCC\n",
      "text/plain": [
       "<matplotlib.figure.Figure at 0x1119c2320>"
      ]
     },
     "metadata": {},
     "output_type": "display_data"
    }
   ],
   "source": [
    "plt.imshow(b[4:-2,4:-2])\n",
    "plt.colorbar()"
   ]
  },
  {
   "cell_type": "code",
   "execution_count": 63,
   "metadata": {},
   "outputs": [
    {
     "data": {
      "text/plain": [
       "array([[  3.19584293e-01,   2.66304691e-01,   8.95078752e-01,\n",
       "          2.28628745e-01,   1.22209525e-01,   4.46855883e-01,\n",
       "          8.44852703e-05,   7.30250469e-03],\n",
       "       [  1.55155804e-02,   1.18975081e-01,   1.17840483e-01,\n",
       "          4.62692557e-02,   9.11657839e-04,   1.86334620e-02,\n",
       "          3.30283999e-01,   1.10208552e-01],\n",
       "       [  2.07939879e-01,   4.65218645e-01,   2.14427872e-01,\n",
       "          1.01024288e-02,   8.45228125e-01,   3.20515590e-02,\n",
       "          5.75328179e-01,   7.25743587e-01],\n",
       "       [  7.53067496e-02,   9.31099142e-02,   3.48656383e-01,\n",
       "          6.69507344e-01,   1.98468125e-01,   4.22387208e-01,\n",
       "          6.39259865e-01,   1.11631102e-03],\n",
       "       [  5.07930754e-02,   5.22311397e-01,   5.43075482e-01,\n",
       "          7.50931476e-04,   8.80064185e-01,   1.65962182e-01,\n",
       "          2.23955217e-02,   3.88904782e-01],\n",
       "       [  2.23093204e-01,   3.99674563e-01,   9.56152182e-02,\n",
       "          1.77322657e-02,   1.16181558e-01,   8.34406137e-01,\n",
       "          1.37993868e-02,   6.19654209e-01],\n",
       "       [  8.15857555e-01,   7.58100086e-01,   8.00791624e-01,\n",
       "          1.33660309e-01,   2.09791396e-02,   4.36436351e-01,\n",
       "          2.23144458e-01,   2.13701826e-01],\n",
       "       [  7.22879952e-01,   1.93654558e-01,   7.81112853e-01,\n",
       "          4.80493965e-02,   4.66215629e-01,   6.48406574e-01,\n",
       "          2.69842961e-01,   5.56471579e-01]])"
      ]
     },
     "execution_count": 63,
     "metadata": {},
     "output_type": "execute_result"
    }
   ],
   "source": [
    "b*b"
   ]
  },
  {
   "cell_type": "code",
   "execution_count": 64,
   "metadata": {},
   "outputs": [
    {
     "data": {
      "text/plain": [
       "array([[ 1.42198079,  1.98179316,  1.98049582,  0.98833   ,  1.91150263,\n",
       "         1.7563976 ,  1.58125448,  1.85379038],\n",
       "       [ 1.20158092,  1.23762883,  1.3943724 ,  0.64614576,  0.85015331,\n",
       "         1.11558514,  1.09622044,  1.0643818 ],\n",
       "       [ 2.28267623,  2.63002423,  3.10388861,  1.00661703,  2.26554461,\n",
       "         2.27130656,  1.78722918,  2.36364428],\n",
       "       [ 1.84490427,  2.34297448,  2.39522159,  1.32409052,  1.7905997 ,\n",
       "         2.19285116,  1.81802835,  1.83906861],\n",
       "       [ 1.63023175,  2.21685785,  2.32112598,  0.63107876,  2.25673638,\n",
       "         1.75438391,  1.58118342,  2.32799933],\n",
       "       [ 1.80696565,  1.98586142,  2.22017984,  0.84834674,  1.71343235,\n",
       "         2.22867635,  1.33139608,  2.09125014],\n",
       "       [ 2.29186535,  2.62542347,  2.92599859,  1.37423825,  2.07275596,\n",
       "         2.467246  ,  2.04232272,  2.31437821],\n",
       "       [ 2.63630085,  3.04335042,  3.37045797,  1.24875471,  2.72030768,\n",
       "         2.88668173,  1.93601402,  2.83527465]])"
      ]
     },
     "execution_count": 64,
     "metadata": {},
     "output_type": "execute_result"
    }
   ],
   "source": [
    "np.dot(b,b)"
   ]
  },
  {
   "cell_type": "code",
   "execution_count": 66,
   "metadata": {},
   "outputs": [
    {
     "data": {
      "text/plain": [
       "array([[  6.48985696,   7.7542181 ,   8.53147193,   3.38467995,\n",
       "          6.70472222,   7.13845756,   5.64675159,   7.18815338],\n",
       "       [  4.26023659,   4.93773566,   5.48201284,   2.31554225,\n",
       "          4.09054726,   4.58839763,   3.62558631,   4.4321062 ],\n",
       "       [  8.51699161,  10.1788842 ,  11.15434572,   4.32886806,\n",
       "          8.95173688,   9.17650695,   7.36954142,   9.53620606],\n",
       "       [  7.43543834,   8.87059869,   9.69061291,   4.1191504 ,\n",
       "          7.4539278 ,   8.25693093,   6.5786127 ,   8.07536728],\n",
       "       [  7.17413132,   8.52293847,   9.42881261,   3.38985412,\n",
       "          7.5855921 ,   7.65916267,   6.05422095,   8.12965726],\n",
       "       [  6.93352529,   8.11743257,   8.91177918,   3.49735432,\n",
       "          7.09853684,   7.72516111,   5.75366845,   7.73179544],\n",
       "       [  8.77900142,  10.35785076,  11.39940411,   4.71846334,\n",
       "          8.84427697,   9.61839176,   7.61505405,   9.511387  ],\n",
       "       [  9.8849217 ,  11.81443671,  12.97259395,   5.06396446,\n",
       "         10.42073797,  10.89985798,   8.46174656,  11.12743621]])"
      ]
     },
     "execution_count": 66,
     "metadata": {},
     "output_type": "execute_result"
    }
   ],
   "source": [
    "b.dot(b).dot(b)"
   ]
  },
  {
   "cell_type": "code",
   "execution_count": 67,
   "metadata": {},
   "outputs": [
    {
     "data": {
      "text/plain": [
       "numpy.ndarray"
      ]
     },
     "execution_count": 67,
     "metadata": {},
     "output_type": "execute_result"
    }
   ],
   "source": [
    "type(b)"
   ]
  },
  {
   "cell_type": "code",
   "execution_count": 69,
   "metadata": {},
   "outputs": [],
   "source": [
    "z = np.zeros((10,10))"
   ]
  },
  {
   "cell_type": "code",
   "execution_count": 70,
   "metadata": {},
   "outputs": [
    {
     "data": {
      "text/plain": [
       "array([[ 0.,  0.,  0.,  0.,  0.,  0.,  0.,  0.,  0.,  0.],\n",
       "       [ 0.,  0.,  0.,  0.,  0.,  0.,  0.,  0.,  0.,  0.],\n",
       "       [ 0.,  0.,  0.,  0.,  0.,  0.,  0.,  0.,  0.,  0.],\n",
       "       [ 0.,  0.,  0.,  0.,  0.,  0.,  0.,  0.,  0.,  0.],\n",
       "       [ 0.,  0.,  0.,  0.,  0.,  0.,  0.,  0.,  0.,  0.],\n",
       "       [ 0.,  0.,  0.,  0.,  0.,  0.,  0.,  0.,  0.,  0.],\n",
       "       [ 0.,  0.,  0.,  0.,  0.,  0.,  0.,  0.,  0.,  0.],\n",
       "       [ 0.,  0.,  0.,  0.,  0.,  0.,  0.,  0.,  0.,  0.],\n",
       "       [ 0.,  0.,  0.,  0.,  0.,  0.,  0.,  0.,  0.,  0.],\n",
       "       [ 0.,  0.,  0.,  0.,  0.,  0.,  0.,  0.,  0.,  0.]])"
      ]
     },
     "execution_count": 70,
     "metadata": {},
     "output_type": "execute_result"
    }
   ],
   "source": [
    "z"
   ]
  },
  {
   "cell_type": "code",
   "execution_count": 72,
   "metadata": {},
   "outputs": [
    {
     "data": {
      "text/plain": [
       "array([  1.00000000e+000,   1.93069773e+014,   3.72759372e+028,\n",
       "         7.19685673e+042,   1.38949549e+057,   2.68269580e+071,\n",
       "         5.17947468e+085,   1.00000000e+100])"
      ]
     },
     "execution_count": 72,
     "metadata": {},
     "output_type": "execute_result"
    }
   ],
   "source": [
    "np.logspace(0,100,8)"
   ]
  },
  {
   "cell_type": "code",
   "execution_count": 73,
   "metadata": {
    "collapsed": true
   },
   "outputs": [],
   "source": [
    "zl = np.zeros_like(b)"
   ]
  },
  {
   "cell_type": "code",
   "execution_count": 74,
   "metadata": {},
   "outputs": [
    {
     "data": {
      "text/plain": [
       "(8, 8)"
      ]
     },
     "execution_count": 74,
     "metadata": {},
     "output_type": "execute_result"
    }
   ],
   "source": [
    "b.shape"
   ]
  },
  {
   "cell_type": "code",
   "execution_count": 75,
   "metadata": {},
   "outputs": [
    {
     "data": {
      "text/plain": [
       "(8, 8)"
      ]
     },
     "execution_count": 75,
     "metadata": {},
     "output_type": "execute_result"
    }
   ],
   "source": [
    "zl.shape"
   ]
  },
  {
   "cell_type": "code",
   "execution_count": 76,
   "metadata": {},
   "outputs": [
    {
     "data": {
      "text/plain": [
       "array([[ 0.,  0.,  0.,  0.,  0.,  0.,  0.,  0.],\n",
       "       [ 0.,  0.,  0.,  0.,  0.,  0.,  0.,  0.],\n",
       "       [ 0.,  0.,  0.,  0.,  0.,  0.,  0.,  0.],\n",
       "       [ 0.,  0.,  0.,  0.,  0.,  0.,  0.,  0.],\n",
       "       [ 0.,  0.,  0.,  0.,  0.,  0.,  0.,  0.],\n",
       "       [ 0.,  0.,  0.,  0.,  0.,  0.,  0.,  0.],\n",
       "       [ 0.,  0.,  0.,  0.,  0.,  0.,  0.,  0.],\n",
       "       [ 0.,  0.,  0.,  0.,  0.,  0.,  0.,  0.]])"
      ]
     },
     "execution_count": 76,
     "metadata": {},
     "output_type": "execute_result"
    }
   ],
   "source": [
    "zl"
   ]
  },
  {
   "cell_type": "code",
   "execution_count": 77,
   "metadata": {
    "collapsed": true
   },
   "outputs": [],
   "source": [
    "a = np.array([1,2,3,4])"
   ]
  },
  {
   "cell_type": "code",
   "execution_count": 78,
   "metadata": {},
   "outputs": [
    {
     "data": {
      "text/plain": [
       "array([1, 2, 3, 4])"
      ]
     },
     "execution_count": 78,
     "metadata": {},
     "output_type": "execute_result"
    }
   ],
   "source": [
    "a"
   ]
  },
  {
   "cell_type": "code",
   "execution_count": 79,
   "metadata": {
    "collapsed": true
   },
   "outputs": [],
   "source": [
    "b = a"
   ]
  },
  {
   "cell_type": "code",
   "execution_count": 80,
   "metadata": {},
   "outputs": [
    {
     "data": {
      "text/plain": [
       "array([1, 2, 3, 4])"
      ]
     },
     "execution_count": 80,
     "metadata": {},
     "output_type": "execute_result"
    }
   ],
   "source": [
    "a"
   ]
  },
  {
   "cell_type": "code",
   "execution_count": 81,
   "metadata": {},
   "outputs": [
    {
     "data": {
      "text/plain": [
       "array([1, 2, 3, 4])"
      ]
     },
     "execution_count": 81,
     "metadata": {},
     "output_type": "execute_result"
    }
   ],
   "source": [
    "b"
   ]
  },
  {
   "cell_type": "code",
   "execution_count": 82,
   "metadata": {
    "collapsed": true
   },
   "outputs": [],
   "source": [
    "b[3] = 99"
   ]
  },
  {
   "cell_type": "code",
   "execution_count": 83,
   "metadata": {},
   "outputs": [
    {
     "data": {
      "text/plain": [
       "array([ 1,  2,  3, 99])"
      ]
     },
     "execution_count": 83,
     "metadata": {},
     "output_type": "execute_result"
    }
   ],
   "source": [
    "b"
   ]
  },
  {
   "cell_type": "code",
   "execution_count": 84,
   "metadata": {},
   "outputs": [
    {
     "data": {
      "text/plain": [
       "array([ 1,  2,  3, 99])"
      ]
     },
     "execution_count": 84,
     "metadata": {},
     "output_type": "execute_result"
    }
   ],
   "source": [
    "a"
   ]
  },
  {
   "cell_type": "code",
   "execution_count": 85,
   "metadata": {
    "collapsed": true
   },
   "outputs": [],
   "source": [
    "a[0] = -2\n"
   ]
  },
  {
   "cell_type": "code",
   "execution_count": 86,
   "metadata": {},
   "outputs": [
    {
     "data": {
      "text/plain": [
       "array([-2,  2,  3, 99])"
      ]
     },
     "execution_count": 86,
     "metadata": {},
     "output_type": "execute_result"
    }
   ],
   "source": [
    "a"
   ]
  },
  {
   "cell_type": "code",
   "execution_count": 87,
   "metadata": {},
   "outputs": [
    {
     "data": {
      "text/plain": [
       "array([-2,  2,  3, 99])"
      ]
